2 2 1940.0
2 3 1566.0
2 4 1369.0
2 5 1282.0
2 6 1247.0
2 7 1177.0
2 8 1116.5
2 9 1109.0
2 10 1089.0
2 11 1065.0
2 12 1048.0
2 13 1036.0
2 14 1034.33333333
2 15 1021.0
2 16 1013.66666667
2 17 1005.0
2 18 1002.66666667
2 19 998.0
2 20 992.333333333
2 21 986.0
2 22 977.666666667
2 23 971.0
2 24 969.0
2 25 968.0
2 26 963.333333333
2 27 954.0
2 28 948.333333333
2 29 945.0
2 30 937.0
2 31 941.0
2 32 888.333333333
3 2 1685.0
3 3 1335.0
3 4 1132.0
3 5 1044.0
3 6 983.0
3 7 920.0
3 8 869.0
3 9 857.0
3 10 839.0
3 11 818.0
3 12 798.0
3 13 792.0
3 14 794.0
3 15 786.0
3 16 770.0
3 17 778.0
3 18 757.0
3 19 751.0
3 20 746.0
3 21 741.0
3 22 727.0
3 23 735.0
3 24 724.0
3 25 714.0
3 26 714.0
3 27 707.0
3 28 712.0
3 29 695.0
3 30 707.0
3 31 706.0
3 32 674.0
4 2 1583.0
4 3 1218.0
4 4 1023.33333333
4 5 940.0
4 6 872.0
4 7 841.0
4 8 764.0
4 9 757.0
4 10 741.0
4 11 718.0
4 12 707.0
4 13 693.0
4 14 686.333333333
4 15 684.0
4 16 670.0
4 17 659.0
4 18 647.333333333
4 19 644.0
4 20 643.333333333
4 21 638.0
4 22 638.0
4 23 628.0
4 24 616.666666667
4 25 614.0
4 26 605.666666667
4 27 608.0
4 28 598.666666667
4 29 595.0
4 30 588.333333333
4 31 593.0
4 32 578.333333333
5 2 1500.0
5 3 1160.0
5 4 951.0
5 5 865.0
5 6 808.0
5 7 744.0
5 8 696.0
5 9 686.0
5 10 685.0
5 11 648.0
5 12 639.0
5 13 623.0
5 14 619.0
5 15 604.0
5 16 587.0
5 17 587.0
5 18 589.0
5 19 590.0
5 20 572.0
5 21 568.0
5 22 561.0
5 23 551.0
5 24 549.0
5 25 545.0
5 26 545.0
5 27 539.0
5 28 533.0
5 29 533.0
5 30 534.0
5 31 530.0
5 32 481.0
6 2 1480.33333333
6 3 1111.0
6 4 915.333333333
6 5 826.0
6 6 750.0
6 7 716.0
6 8 659.666666667
6 9 642.0
6 10 633.333333333
6 11 602.0
6 12 588.0
6 13 582.0
6 14 572.333333333
6 15 565.0
6 16 552.0
6 17 536.0
6 18 538.333333333
6 19 538.0
6 20 528.666666667
6 21 524.0
6 22 534.0
6 23 509.0
6 24 508.666666667
6 25 501.0
6 26 497.666666667
6 27 493.0
6 28 489.0
6 29 487.0
6 30 475.0
6 31 493.0
6 32 428.333333333
7 2 1446.0
7 3 1073.0
7 4 875.0
7 5 790.0
7 6 725.0
7 7 664.0
7 8 613.0
7 9 606.0
7 10 594.0
7 11 561.0
7 12 543.0
7 13 533.0
7 14 519.0
7 15 518.0
7 16 515.0
7 17 503.0
7 18 500.0
7 19 490.0
7 20 480.0
7 21 485.0
7 22 474.0
7 23 473.0
7 24 461.0
7 25 471.0
7 26 447.0
7 27 449.0
7 28 449.0
7 29 434.0
7 30 432.0
7 31 448.0
7 32 403.0
8 2 1415.66666667
8 3 1066.0
8 4 863.0
8 5 793.0
8 6 692.666666667
8 7 633.0
8 8 589.333333333
8 9 570.0
8 10 558.666666667
8 11 534.0
8 12 519.333333333
8 13 511.0
8 14 508.0
8 15 489.0
8 16 494.0
8 17 470.0
8 18 472.333333333
8 19 475.0
8 20 460.0
8 21 451.0
8 22 449.333333333
8 23 434.0
8 24 438.666666667
8 25 435.0
8 26 425.666666667
8 27 426.0
8 28 412.666666667
8 29 405.0
8 30 411.333333333
8 31 413.0
8 32 364.0
9 2 1389.0
9 3 1035.0
9 4 825.0
9 5 747.0
9 6 676.0
9 7 627.0
9 8 571.0
9 9 563.0
9 10 542.0
9 11 515.0
9 12 499.0
9 13 493.0
9 14 481.0
9 15 478.0
9 16 461.0
9 17 459.0
9 18 462.0
9 19 445.0
9 20 434.0
9 21 435.0
9 22 431.0
9 23 423.0
9 24 421.0
9 25 410.0
9 26 403.0
9 27 406.0
9 28 406.0
9 29 389.0
9 30 398.0
9 31 390.0
9 32 399.0
10 2 1384.33333333
10 3 1027.0
10 4 822.666666667
10 5 744.0
10 6 667.333333333
10 7 620.0
10 8 562.0
10 9 549.0
10 10 536.333333333
10 11 515.0
10 12 500.666666667
10 13 493.0
10 14 481.0
10 15 482.0
10 16 460.666666667
10 17 455.0
10 18 443.333333333
10 19 445.0
10 20 441.333333333
10 21 436.0
10 22 427.666666667
10 23 484.0
10 24 420.333333333
10 25 397.0
10 26 403.333333333
10 27 402.0
10 28 395.0
10 29 399.0
10 30 388.333333333
10 31 397.0
10 32 365.0
11 2 1352.0
11 3 996.0
11 4 785.0
11 5 703.0
11 6 642.0
11 7 573.0
11 8 534.0
11 9 516.0
11 10 498.0
11 11 465.0
11 12 462.0
11 13 446.0
11 14 448.0
11 15 442.0
11 16 418.0
11 17 422.0
11 18 410.0
11 19 418.0
11 20 401.0
11 21 400.0
11 22 392.0
11 23 388.0
11 24 387.0
11 25 376.0
11 26 380.0
11 27 382.0
11 28 376.0
11 29 368.0
11 30 380.0
11 31 367.0
11 32 362.0
12 2 1350.0
12 3 983.0
12 4 791.0
12 5 707.0
12 6 633.666666667
12 7 577.0
12 8 529.666666667
12 9 515.0
12 10 501.333333333
12 11 472.0
12 12 469.666666667
12 13 450.0
12 14 447.333333333
12 15 438.0
12 16 427.666666667
12 17 413.0
12 18 412.0
12 19 407.0
12 20 404.0
12 21 393.0
12 22 386.333333333
12 23 384.0
12 24 408.333333333
12 25 374.0
12 26 376.0
12 27 373.0
12 28 366.333333333
12 29 367.0
12 30 367.666666667
12 31 365.0
12 32 354.0
13 2 1360.0
13 3 979.0
13 4 779.0
13 5 702.0
13 6 626.0
13 7 575.0
13 8 526.0
13 9 509.0
13 10 495.0
13 11 470.0
13 12 449.0
13 13 449.0
13 14 439.0
13 15 425.0
13 16 420.0
13 17 421.0
13 18 402.0
13 19 405.0
13 20 392.0
13 21 391.0
13 22 381.0
13 23 385.0
13 24 373.0
13 25 370.0
13 26 377.0
13 27 367.0
13 28 370.0
13 29 378.0
13 30 370.0
13 31 361.0
13 32 352.0
14 2 1340.33333333
14 3 979.0
14 4 775.0
14 5 700.0
14 6 619.666666667
14 7 560.0
14 8 513.666666667
14 9 496.0
14 10 491.666666667
14 11 473.0
14 12 456.0
14 13 442.0
14 14 439.333333333
14 15 441.0
14 16 413.0
14 17 400.0
14 18 407.666666667
14 19 404.0
14 20 391.333333333
14 21 388.0
14 22 383.333333333
14 23 388.0
14 24 379.333333333
14 25 379.0
14 26 367.666666667
14 27 371.0
14 28 368.666666667
14 29 368.0
14 30 360.333333333
14 31 358.0
14 32 356.333333333
15 2 1319.0
15 3 974.0
15 4 771.0
15 5 680.0
15 6 619.0
15 7 560.0
15 8 503.0
15 9 497.0
15 10 491.0
15 11 457.0
15 12 440.0
15 13 433.0
15 14 430.0
15 15 421.0
15 16 406.0
15 17 406.0
15 18 397.0
15 19 390.0
15 20 385.0
15 21 388.0
15 22 386.0
15 23 373.0
15 24 386.0
15 25 368.0
15 26 361.0
15 27 366.0
15 28 359.0
15 29 366.0
15 30 352.0
15 31 362.0
15 32 353.0
16 2 1323.66666667
16 3 959.0
16 4 756.666666667
16 5 666.0
16 6 601.0
16 7 543.0
16 8 497.666666667
16 9 483.0
16 10 468.333333333
16 11 442.0
16 12 436.0
16 13 420.0
16 14 420.666666667
16 15 404.0
16 16 396.333333333
16 17 403.0
16 18 389.333333333
16 19 383.0
16 20 384.333333333
16 21 379.0
16 22 376.666666667
16 23 374.0
16 24 368.666666667
16 25 370.0
16 26 366.0
16 27 359.0
16 28 361.333333333
16 29 361.0
16 30 354.333333333
16 31 352.0
16 32 354.0
17 2 1290.0
17 3 935.0
17 4 740.0
17 5 650.0
17 6 593.0
17 7 526.0
17 8 479.0
17 9 473.0
17 10 453.0
17 11 424.0
17 12 421.0
17 13 407.0
17 14 394.0
17 15 388.0
17 16 380.0
17 17 376.0
17 18 370.0
17 19 369.0
17 20 367.0
17 21 364.0
17 22 358.0
17 23 355.0
17 24 353.0
17 25 353.0
17 26 356.0
17 27 347.0
17 28 355.0
17 29 350.0
17 30 351.0
17 31 352.0
17 32 351.0
18 2 1299.0
18 3 940.0
18 4 1041.5
18 5 660.0
18 6 585.333333333
18 7 522.0
18 8 488.0
18 9 464.0
18 10 451.333333333
18 11 420.0
18 12 418.0
18 13 403.0
18 14 396.333333333
18 15 397.0
18 16 382.0
18 17 378.0
18 18 376.0
18 19 365.0
18 20 366.666666667
18 21 361.0
18 22 357.666666667
18 23 362.0
18 24 354.333333333
18 25 356.0
18 26 358.0
18 27 347.0
18 28 355.0
18 29 353.0
18 30 368.666666667
18 31 358.0
18 32 354.666666667
19 2 1280.0
19 3 934.0
19 4 743.0
19 5 652.0
19 6 584.0
19 7 516.0
19 8 473.0
19 9 455.0
19 10 448.0
19 11 409.0
19 12 408.0
19 13 403.0
19 14 396.0
19 15 390.0
19 16 380.0
19 17 374.0
19 18 382.0
19 19 376.0
19 20 369.0
19 21 364.0
19 22 365.0
19 23 361.5
19 24 359.0
19 25 356.0
19 26 353.0
19 27 358.0
19 28 361.0
19 29 355.0
19 30 357.0
19 31 355.0
19 32 357.0
20 2 1302.66666667
20 3 938.0
20 4 749.0
20 5 644.0
20 6 580.333333333
20 7 521.0
20 8 478.333333333
20 9 461.0
20 10 448.333333333
20 11 419.0
20 12 411.0
20 13 403.0
20 14 401.666666667
20 15 390.0
20 16 378.333333333
20 17 375.0
20 18 374.0
20 19 361.0
20 20 369.0
20 21 373.0
20 22 365.0
20 23 359.0
20 24 358.0
20 25 353.0
20 26 355.0
20 27 358.0
20 28 357.666666667
20 29 356.0
20 30 360.333333333
20 31 359.0
20 32 356.0
21 2 1293.0
21 3 948.0
21 4 734.0
21 5 656.0
21 6 580.0
21 7 528.0
21 8 474.0
21 9 469.0
21 10 453.0
21 11 422.0
21 12 431.0
21 13 410.0
21 14 400.0
21 15 400.0
21 16 396.0
21 17 376.0
21 18 374.0
21 19 366.0
21 20 367.0
21 21 368.0
21 22 363.0
21 23 357.0
21 24 356.0
21 25 364.0
21 26 360.0
21 27 352.0
21 28 358.0
21 29 358.0
21 30 358.0
21 31 355.0
21 32 358.0
22 2 1305.66666667
22 3 937.0
22 4 746.0
22 5 661.0
22 6 581.333333333
22 7 531.0
22 8 484.0
22 9 464.0
22 10 448.333333333
22 11 428.0
22 12 416.666666667
22 13 401.0
22 14 398.666666667
22 15 393.0
22 16 384.333333333
22 17 378.0
22 18 375.666666667
22 19 370.0
22 20 367.666666667
22 21 364.0
22 22 364.0
22 23 364.0
22 24 356.5
22 25 356.0
22 26 358.333333333
22 27 355.0
22 28 363.0
22 29 354.0
22 30 360.0
22 31 356.0
22 32 357.666666667
23 2 1304.0
23 3 957.0
23 4 742.0
23 5 655.0
23 6 583.0
23 7 537.0
23 8 479.0
23 9 467.0
23 10 452.0
23 11 434.0
23 12 410.0
23 13 407.0
23 14 396.0
23 15 395.0
23 16 382.0
23 17 373.0
23 18 368.0
23 19 374.0
23 20 370.0
23 21 365.0
23 22 360.0
23 23 359.0
23 24 355.0
23 25 364.0
23 26 358.0
23 27 372.0
23 28 359.0
23 29 353.0
23 30 359.0
23 31 357.0
23 32 362.0
24 2 1310.33333333
24 3 952.0
24 4 745.0
24 5 667.0
24 6 587.666666667
24 7 524.0
24 8 479.333333333
24 9 464.0
24 10 458.333333333
24 11 443.0
24 12 414.0
24 13 407.0
24 14 399.0
24 15 392.0
24 16 383.666666667
24 17 373.0
24 18 379.333333333
24 19 370.0
24 20 374.333333333
24 21 364.0
24 22 369.333333333
24 23 361.0
24 24 366.0
24 25 365.0
24 26 360.333333333
24 27 364.0
24 28 362.666666667
24 29 364.0
24 30 358.666666667
24 31 359.0
24 32 360.0
25 2 1305.0
25 3 957.0
25 4 743.0
25 5 662.0
25 6 590.0
25 7 528.0
25 8 480.0
25 9 472.0
25 10 458.0
25 11 431.0
25 12 412.0
25 13 407.0
25 14 394.0
25 15 394.0
25 16 389.0
25 17 377.0
25 18 379.0
25 19 379.0
25 20 374.0
25 21 367.0
25 22 362.0
25 23 373.0
25 24 360.0
25 25 363.0
25 26 359.0
25 27 365.0
25 28 367.0
25 29 359.0
25 30 364.0
25 31 367.0
25 32 364.0
26 2 1307.33333333
26 3 957.0
26 4 745.0
26 5 654.0
26 6 589.333333333
26 7 526.0
26 8 484.666666667
26 9 465.0
26 10 457.666666667
26 11 429.0
26 12 422.0
26 13 416.0
26 14 402.333333333
26 15 397.0
26 16 389.333333333
26 17 381.0
26 18 383.333333333
26 19 374.0
26 20 377.333333333
26 21 365.0
26 22 369.333333333
26 23 368.0
26 24 366.666666667
26 25 368.0
26 26 365.0
26 27 370.0
26 28 366.666666667
26 29 367.0
26 30 364.75
26 31 365.0
26 32 366.0
27 2 1313.0
27 3 953.0
27 4 740.0
27 5 670.0
27 6 583.0
27 7 529.0
27 8 478.0
27 9 467.0
27 10 455.0
27 11 431.0
27 12 418.0
27 13 403.0
27 14 399.0
27 15 392.0
27 16 387.0
27 17 388.0
27 18 388.0
27 19 377.0
27 20 373.0
27 21 371.0
27 22 370.0
27 23 364.0
27 24 365.0
27 25 367.0
27 26 364.0
27 27 367.0
27 28 363.0
27 29 362.0
27 30 364.0
27 31 366.0
27 32 366.0
28 2 1312.66666667
28 3 941.0
28 4 750.666666667
28 5 653.0
28 6 590.333333333
28 7 531.0
28 8 484.0
28 9 465.0
28 10 456.0
28 11 427.0
28 12 418.333333333
28 13 404.0
28 14 398.0
28 15 397.0
28 16 388.0
28 17 380.0
28 18 383.0
28 19 382.0
28 20 375.666666667
28 21 370.0
28 22 370.0
28 23 371.0
28 24 370.333333333
28 25 369.0
28 26 365.333333333
28 27 368.0
28 28 371.333333333
28 29 367.0
28 30 371.0
28 31 367.0
28 32 367.0
29 2 1305.0
29 3 953.0
29 4 754.0
29 5 656.0
29 6 583.0
29 7 537.0
29 8 479.0
29 9 472.0
29 10 450.0
29 11 430.0
29 12 413.0
29 13 404.0
29 14 400.0
29 15 396.0
29 16 389.0
29 17 383.0
29 18 380.0
29 19 380.0
29 20 379.0
29 21 380.0
29 22 365.0
29 23 370.0
29 24 364.0
29 25 369.0
29 26 373.0
29 27 371.0
29 28 376.0
29 29 368.0
29 30 372.0
29 31 371.0
29 32 371.0
30 2 1324.33333333
30 3 942.0
30 4 739.0
30 5 659.0
30 6 587.0
30 7 534.0
30 8 479.666666667
30 9 470.0
30 10 452.0
30 11 430.0
30 12 417.0
30 13 406.0
30 14 403.0
30 15 397.0
30 16 390.0
30 17 391.0
30 18 386.666666667
30 19 380.0
30 20 380.333333333
30 21 375.0
30 22 371.666666667
30 23 373.0
30 24 371.666666667
30 25 370.0
30 26 373.0
30 27 373.0
30 28 372.333333333
30 29 373.0
30 30 372.333333333
30 31 374.0
30 32 374.333333333
31 2 1304.0
31 3 943.0
31 4 739.0
31 5 665.0
31 6 590.0
31 7 524.0
31 8 479.0
31 9 464.0
31 10 455.0
31 11 434.0
31 12 425.5
31 13 411.5
31 14 406.0
31 15 401.0
31 16 390.0
31 17 387.0
31 18 386.0
31 19 386.0
31 20 377.0
31 21 382.0
31 22 377.0
31 23 368.0
31 24 367.0
31 25 368.0
31 26 377.0
31 27 377.0
31 28 379.0
31 29 373.0
31 30 370.0
31 31 370.0
31 32 376.0
32 2 1294.33333333
32 3 934.0
32 4 733.333333333
32 5 645.0
32 6 578.333333333
32 7 520.0
32 8 471.25
32 9 457.5
32 10 447.0
32 11 422.0
32 12 418.666666667
32 13 418.0
32 14 408.0
32 15 403.0
32 16 390.666666667
32 17 402.0
32 18 387.333333333
32 19 391.0
32 20 381.333333333
32 21 371.0
32 22 374.666666667
32 23 374.0
32 24 372.333333333
32 25 375.0
32 26 374.0
32 27 373.0
32 28 377.0
32 29 374.0
32 30 374.666666667
32 31 370.0
32 32 376.333333333
